model_path: wandb:goodfire/spd/runs/syhzse3u
stats:
  h.0.ln_1: 0.028239244818687437
  h.0.ln_2: 0.0283587110042572
  h.1.ln_1: 0.03388944901525974
  h.1.ln_2: 0.034054207652807235
  h.2.ln_1: 0.038599695265293124
  h.2.ln_2: 0.03880207672715187
  h.3.ln_1: 0.04278451524674892
  h.3.ln_2: 0.04301310002803802
  ln_f: 0.04701409563422203
